354
 419
 351
 347
 414
 341
 343
 430
 346
 357
 426
 341
 354
 417
 342
 355
 420
 346
 352
 415
 339
 350
 419
 349
 349
 417
 344
 349
 417
 344
 348
 416
 340
 349
 412
 347
 349
 412
 347
 342
 328
 408
 342
 328
 408
 358
 396
 336
 341
 353
 331
 349
 355
 287
 350
 358
 283
 350
 358
 283
 352
 363
 284
 348
 352
 277
 365
 300
 301
 349
 336
 281
 344
 338
 271
 344
 338
 271
 334
 330
 292
 331
 342
 285
 335
 353
 287
 339
 365
 284
 340
 365
 284
 339
 356
 279
 340
 361
 285
 336
 364
 280
 337
 360
 279
 339
 362
 286
 341
 364
 289
 338
 357
 280
 339
 358
 282
 338
 356
 284
 335
 351
 283
 338
 354
 280
 338
 351
 284
 337
 354
 284
 337
 353
 279
 337
 349
 279
 335
 350
 287
 337
 353
 279
 335
 350
 283
 335
 352
 279
 336
 354
 278
 336
 352
 286
 335
 351
 285
 334
 357
 282
 325
 353
 282
 328
 356
 287
 340
 350
 283
 340
 350
 283
 339
 350
 282
 341
 350
 281
 345
 338
 410
 350
 309
 384
 343
 278
 352
 345
 273
 344
 345
 273
 344
 346
 275
 337
 345
 280
 329
 345
 280
 329
 346
 294
 305
 339
 275
 329
 339
 272
 348
 340
 286
 321
 335
 276
 349
 339
 268
 358
 353
 287
 322
 344
 269
 327
 350
 281
 323
 358
 285
 321
 337
 267
 342
 342
 286
 342
 347
 281
 324
 337
 278
 358
 347
 286
 316
 340
 276
 342
 349
 277
 320
 349
 277
 320
 347
 280
 317
 342
 278
 329
 342
 277
 326
 342
 277
 326
 348
 286
 314
 348
 286
 314
 347
 281
 323
 347
 281
 323
 349
 287
 309
 348
 292
 310
 337
 269
 321
 348
 286
 310
 348
 288
 312
 346
 282
 339
 344
 274
 334
 345
 276
 325
 354
 293
 307
 346
 276
 318
 349
 281
 322
 344
 279
 360
 342
 277
 343
 334
 282
 373
 361
 282
 329
 374
 293
 323
 374
 293
 323
 365
 301
 377
 364
 290
 381
 373
 279
 283
 355
 281
 329
 351
 275
 335
 356
 283
 319
 356
 283
 319
 350
 280
 323
 352
 282
 326
 356
 280
 326
 356
 280
 326
 356
 283
 319
 356
 283
 323
 355
 282
 318
 366
 281
 326
 378
 289
 324
 351
 278
 330
 351
 278
 330
 342
 283
 328
 338
 278
 329
 338
 277
 330
 337
 280
 347
 355
 279
 331
 355
 279
 331
 354
 277
 336
 354
 281
 359
 354
 281
 359
 351
 277
 339
 329
 283
 348
 329
 283
 348
 331
 270
 356
 378
 289
 360
 377
 296
 372
 377
 296
 372
 405
 312
 356
 392
 335
 385
 398
 330
 387
 397
 330
 387
 361
 279
 334
 351
 271
 335
 352
 275
 333
 359
 280
 332
 360
 281
 328
 361
 283
 328
 358
 280
 333
 359
 279
 331
 360
 280
 330
 364
 282
 329
 361
 281
 327
 362
 283
 323
 357
 277
 347
 359
 280
 341
 358
 279
 333
 358
 279
 334
 358
 276
 337
 361
 279
 337
 359
 278
 337
 363
 287
 330
 349
 276
 347
 349
 276
 347
 359
 290
 335
 360
 278
 343
 363
 280
 350
 364
 278
 352
 362
 279
 343
 362
 279
 337
 364
 279
 336
 365
 280
 337
 368
 283
 339
 368
 283
 339
 356
 278
 331
 358
 285
 320
 357
 278
 322
 362
 284
 320