342 333 408
341 331 410
344 332 408
346 333 410
345 334 410
345 334 410
344 333 409
345 333 410
345 333 409
344 334 412
344 334 411
344 333 409
344 332 410
344 332 409
344 332 409
344 332 409
343 332 409
343 332 411
343 331 410
343 332 410
343 332 409
343 331 410
343 331 409
343 332 409
344 331 409
343 285 320
343 276 326
349 284 319
347 285 324
351 283 318
348 283 320
349 283 321
348 285 318
348 284 319
349 286 319
349 285 317
350 286 315
349 285 315
349 286 317
348 285 314
348 287 316
348 286 315
348 285 317
348 285 317
347 286 317
349 286 319
347 284 317
349 285 315
348 285 317
348 285 317
344 378 285
344 381 291
346 372 292
348 377 285
347 373 289
347 373 287
348 372 288
347 368 282
347 363 283
347 362 285
348 361 285
347 361 284
346 359 283
346 359 283
346 359 283
347 360 284
346 361 284
346 360 284
347 360 284
347 361 285
347 360 283
347 360 285
347 359 283
347 361 283
346 362 285
344 405 380
345 406 380
346 401 385
345 407 376
345 410 376
345 413 375
345 414 374
345 412 374
344 412 376
345 412 375
346 413 375
346 412 374
345 413 375
345 412 375
346 413 375
346 412 376
346 411 374
346 411 375
347 412 377
346 411 375
347 409 376
346 410 378
347 410 377
346 411 377
346 411 377
